$ANSIBLE_VAULT;1.1;AES256
36366361356564383131643461666638326436383538306636366565343164323639313435333866
3739663065373162316161653635626164633836396465340a643462653334643633346463336539
62666665363264303263346437633137333362653264643332366531626238643066643764653337
3134326337313530370a306461643665363434636263616562306332373636323937613361386137
32306336353261616432663462653632363039326635653264336134366235373663303564663438
62666664376464613038653562393562326530623233623639373832343135636464333930323530
61613531623261656465633037666164323031383935623866303638613933373138623862343635
62356361333462306261613730333333623137303430363532663638353839363165333730653363
33393164626530393232343361666433653331316538386363666562623334356363613339303462
66613463343161336536383335613939373439306662343063353766363538626461373266376565
39386533353139613538363832326135356663356237303764303366313162643834343965376433
34336636316635666432
