$ANSIBLE_VAULT;1.1;AES256
35626662626666316137343331336531323065643565396133303730386534306331356565396630
6662326234343163376138663234356165343838646335350a656631383034333132366331313963
61336565356130663933356638643936376233343462613761333063363265373436626431346261
3939316530393238370a323362616465306232656566613137626233333566333433653231643539
34356333326238316466336237633063333232386335373534633830613732666634353063646339
37616466653438386161343563383134306637373164623363653138353963363531363132396461
65653433363936623530393066636635356230346637313162316430363230626365366331376363
38393935323838653762373932363262346237656432336361373463633066643138613131303862
36353962306163323932373663376139393566623666343435363939303431653562393934393831
35373465636538363266343966333433323932353032313135626337333065393562663866666139
66333035636435306366653732613531653766316632366364323266386133663162653662636634
30383739326334326338613930346135326339366234313338663933656638386463383761356130
63613430393932386463343565306335313737653435333539363662336536383764366265313034
36626434363366343230316238636265356239306632376637386635623937313830616639376433
66383963343635306237653130306630663233333632646131346230363264643035623834393337
37366233643035633462636563323230323734376639313937313464353634633937326136383166
38613364343462396261303733323532393532616331653833633636323366643766346133306663
31373333373336393561613737323130653762356537366561383131306636636533326466646466
383337623836323738653239646637333836
