$ANSIBLE_VAULT;1.1;AES256
32636536303963383530323033323864613036666333306466653766306366663835313337326535
3835343137363863626232633436646435366439396364370a643165383265663637303734343434
63353131646636646136616533653063363137336162623931343732666565396132396634636466
6465373338623939390a663739623463373339633866623539323738613061633031333738626362
36666237626439326535613536303364376532346333366362336335393739323461646330613534
30663537643031656532633833393533393635613130323465633663316330383136643737316361
32336537346133356331333736373330346535303964343133633263306264376134616532373363
39636263306238633633663264643838613230613162613331653064643265386539313565313465
61393233336337653330646563303331623761623736333737363063636465613538626263666663
62393465643139623235313032653735623131386537383666623235626564393962626534613937
35313237613731613432643330633630353661366432333636336364643533306133653132643663
35396137646430646461623734356639633566353233386634623830353362323663326361386630
63663634303931383734346431363131316166346462613465633431643132366564656237323165
63666436363837663137613261313938313864386139383533343035313763343137346139366333
36646130346531616664656134303530393536393065343664346664643464306238316536313934
62346664313435383833306333636134626238376461633565396239653863323965386165353663
66633765623936356364623233343762393564646130396536623537663265376164353530346237
31303061616332376263613036326561633032353034393530393262383432616139643435663433
36313830396430373339623035383638623262633932333061646636646337656165396662623064
32303935326134306330383139653030356562383064346438613133623761373937663833303531
31633735343136623633373865313232346435663465373438363135373365623237616333633964
36613236613539373361336561333862353330373637383961316632303035633432643565633139
36643366366466633233666165666161643532623731613965383635643731323638633633646634
61383430303162363132333034613932316636333131303830396230363236623435393232333832
31656133623934383337356166653730393730666561373161376362616130346134336132333366
3561353539633466623634643766306163343435343464613962
